1 0.293750 0.245703 0.115625 0.125781
1 0.657813 0.330469 0.165625 0.204687
1 0.361328 0.367578 0.103906 0.113281
1 0.839844 0.371875 0.154688 0.140625
1 0.219141 0.458984 0.132031 0.139844
1 0.514062 0.478516 0.134375 0.153906
1 0.676172 0.556250 0.117969 0.156250
1 0.910547 0.059375 0.105469 0.084375
1 0.413281 0.596094 0.204687 0.201563
1 0.091797 0.692578 0.111719 0.110156
1 0.862109 0.700000 0.124219 0.134375
1 0.841406 0.846484 0.157812 0.167969
1 0.610156 0.869531 0.160938 0.214062
1 0.477344 0.938672 0.142187 0.117969
1 0.954297 0.940625 0.086719 0.115625
1 0.124609 0.105469 0.167969 0.204687
1 0.555078 0.118750 0.163281 0.146875
1 0.734766 0.185547 0.132031 0.158594
1 0.935937 0.194141 0.125000 0.144531